-1.977661652450255492e+00
-1.911145611572280245e+00
-1.801937735804838958e+00
-1.652477548631988480e+00
-1.466103743659652903e+00
-1.246979603717467633e+00
-1.000000000000000000e+00
-7.306820487327883029e-01
-4.450418679126282306e-01
-1.494601871728495901e-01
1.494601871728491460e-01
4.450418679126297850e-01
7.306820487327907454e-01
1.000000000000000000e+00
1.246979603717467189e+00
1.466103743659653347e+00
1.652477548631989812e+00
1.801937735804838514e+00
1.911145611572281355e+00
1.977661652450257046e+00
