-3.955323304900514092e+00
-3.888807264022538845e+00
-3.888807264022538845e+00
-3.822291223144563155e+00
-3.779599388255095782e+00
-3.779599388255094894e+00
-3.713083347377120091e+00
-3.713083347377119647e+00
-3.630139201082246636e+00
-3.630139201082246192e+00
-3.603875471609676584e+00
-3.563623160204271390e+00
-3.563623160204271390e+00
-3.454415284436828326e+00
-3.454415284436827882e+00
-3.443765396109909727e+00
-3.443765396109909283e+00
-3.377249355231935368e+00
-3.377249355231933592e+00
-3.304955097263979624e+00
-3.268041479464490973e+00
-3.268041479464490529e+00
-3.224641256167724013e+00
-3.224641256167723569e+00
-3.158125215289748322e+00
-3.158125215289747434e+00
-3.118581292291642715e+00
-3.118581292291641383e+00
-3.048917339522305703e+00
-3.048917339522305259e+00
-2.977661652450257268e+00
-2.977661652450256824e+00
-2.932207487319305805e+00
-2.911145611572281133e+00
-2.911145611572281133e+00
-2.899457152349457889e+00
-2.899457152349457001e+00
-2.801937735804838958e+00
-2.801937735804838514e+00
-2.713083347377120536e+00
-2.713083347377120091e+00
-2.708343701183048235e+00
-2.708343701183047791e+00
-2.652477548631989368e+00
-2.652477548631988924e+00
-2.641827660305072101e+00
-2.641827660305071213e+00
-2.532619784537628149e+00
-2.532619784537628149e+00
-2.493959207434934378e+00
-2.466103743659653791e+00
-2.466103743659652903e+00
-2.422703520362886831e+00
-2.422703520362885943e+00
-2.383159597364780335e+00
-2.383159597364779891e+00
-2.356187479484911584e+00
-2.356187479484910252e+00
-2.246979603717467633e+00
-2.246979603717467189e+00
-2.246979603717467189e+00
-2.246979603717466745e+00
-2.196785792392442094e+00
-2.196785792392440317e+00
-2.127121839623105970e+00
-2.127121839623105970e+00
-2.097519416544618487e+00
-2.097519416544618487e+00
-2.060605798745131167e+00
-2.060605798745130279e+00
-2.000000000000001332e+00
-1.977661652450257934e+00
-1.977661652450256380e+00
-1.951397922977687882e+00
-1.951397922977687216e+00
-1.911145611572282021e+00
-1.911145611572280245e+00
-1.828201465277408788e+00
-1.828201465277408122e+00
-1.801937735804839180e+00
-1.801937735804838514e+00
-1.761685424399433320e+00
-1.761685424399432653e+00
-1.730682048732790967e+00
-1.730682048732790967e+00
-1.692021471630096530e+00
-1.692021471630095864e+00
-1.652477548631990478e+00
-1.652477548631989812e+00
-1.615563930832502271e+00
-1.615563930832501827e+00
-1.532619784537629037e+00
-1.532619784537628371e+00
-1.503017361459141554e+00
-1.503017361459140222e+00
-1.466103743659654013e+00
-1.466103743659651792e+00
-1.461364097465582379e+00
-1.445041867912629563e+00
-1.445041867912628453e+00
-1.396439790890316335e+00
-1.396439790890314336e+00
-1.356895867892210283e+00
-1.356895867892208507e+00
-1.316643556486803979e+00
-1.316643556486802868e+00
-1.246979603717467855e+00
-1.246979603717467189e+00
-1.207435680719362248e+00
-1.207435680719361804e+00
-1.180463562839491942e+00
-1.180463562839491942e+00
-1.175723916645419642e+00
-1.175723916645419420e+00
-1.149460187172849146e+00
-1.149460187172848258e+00
-1.097519416544618931e+00
-1.097519416544617377e+00
-1.071255687072048657e+00
-1.071255687072047325e+00
-1.021061875747024006e+00
-1.021061875747023784e+00
-9.776616524502572680e-01
-9.776616524502562688e-01
-9.217954998992005100e-01
-9.217954998991992888e-01
-9.111456115722816884e-01
-9.111456115722812443e-01
-8.900837358252564613e-01
-8.801422359056390032e-01
-8.801422359056366718e-01
-8.505398128271516311e-01
-8.505398128271502989e-01
-8.019377358048397353e-01
-8.019377358048386251e-01
-8.019377358048379589e-01
-8.019377358048367377e-01
-7.354216949268636005e-01
-7.354216949268618242e-01
-7.306820487327911895e-01
-7.306820487327891911e-01
-6.641660078548148327e-01
-6.641660078548141666e-01
-6.524775486319899231e-01
-6.524775486319897011e-01
-5.945020550854774877e-01
-5.945020550854765995e-01
-5.812218615599420435e-01
-5.812218615599411553e-01
-5.549581320873755441e-01
-5.549581320873729906e-01
-5.549581320873718804e-01
-5.549581320873709922e-01
-5.162975549846768875e-01
-5.162975549846737788e-01
-5.115579087906093614e-01
-5.115579087906036992e-01
-4.661037436596525696e-01
-4.661037436596523476e-01
-4.450418679126292298e-01
-4.450418679126284527e-01
-4.054979449145230119e-01
-4.054979449145219572e-01
-3.358339921451852228e-01
-3.358339921451845012e-01
-3.251841038182665677e-01
-3.251841038182654575e-01
-2.989203743456967377e-01
-2.955816807397809165e-01
-2.955816807397804169e-01
-2.856401808201611825e-01
-2.856401808201592951e-01
-2.693179512672104203e-01
-2.693179512672065901e-01
-2.586680629402904330e-01
-2.586680629402877130e-01
-2.469796037174675774e-01
-2.469796037174663839e-01
-2.191241399421862412e-01
-2.191241399421845482e-01
-1.863738049723373258e-01
-1.863738049723360213e-01
-1.757239166454202250e-01
-1.757239166454174772e-01
-1.494601871728492293e-01
-1.494601871728487297e-01
-1.092078757674447842e-01
-1.092078757674438683e-01
-6.651604087797595433e-02
-6.651604087797435838e-02
-5.582597668269176913e-15
-1.087970990749947211e-15
-6.524755977800348809e-16
-5.199395611616226349e-16
-2.310765625753979720e-16
-1.659084582665441778e-16
-1.439466441545435655e-16
-7.192493112006320030e-17
-1.614700210959944177e-17
3.397968610325606407e-20
3.530108194152654244e-17
4.615883592668082909e-17
1.456573603092442392e-16
1.720937961896297161e-16
2.019730649063537763e-16
2.053423151415539671e-16
3.273748332027320365e-16
5.550828755168670038e-16
1.793787234906119252e-15
2.673869345317659613e-15
6.651604087797521880e-02
6.651604087797721720e-02
1.092078757674429523e-01
1.092078757674434381e-01
1.494601871728487019e-01
1.494601871728488685e-01
1.757239166454165336e-01
1.757239166454203916e-01
1.863738049723369927e-01
1.863738049723382417e-01
2.191241399421846314e-01
2.191241399421851033e-01
2.469796037174654124e-01
2.469796037174672720e-01
2.586680629402929865e-01
2.586680629402961507e-01
2.693179512672096432e-01
2.693179512672105869e-01
2.856401808201620707e-01
2.856401808201649017e-01
2.955816807397788071e-01
2.955816807397809165e-01
2.989203743456977924e-01
3.251841038182653465e-01
3.251841038182700649e-01
3.358339921451843346e-01
3.358339921451855559e-01
4.054979449145225678e-01
4.054979449145242332e-01
4.450418679126279531e-01
4.450418679126291188e-01
4.661037436596518480e-01
4.661037436596545125e-01
5.115579087906042544e-01
5.115579087906046984e-01
5.162975549846766654e-01
5.162975549846797740e-01
5.549581320873672174e-01
5.549581320873705481e-01
5.549581320873708812e-01
5.549581320873721024e-01
5.812218615599402671e-01
5.812218615599423766e-01
5.945020550854764885e-01
5.945020550854768215e-01
6.524775486319879247e-01
6.524775486319912554e-01
6.641660078548136115e-01
6.641660078548156099e-01
7.306820487327891911e-01
7.306820487327917446e-01
7.354216949268627124e-01
7.354216949268641557e-01
8.019377358048369597e-01
8.019377358048375148e-01
8.019377358048396243e-01
8.019377358048405124e-01
8.505398128271511871e-01
8.505398128271528524e-01
8.801422359056371159e-01
8.801422359056394473e-01
8.900837358252555731e-01
9.111456115722806892e-01
9.111456115722817994e-01
9.217954998991995108e-01
9.217954998991996218e-01
9.776616524502558248e-01
9.776616524502571570e-01
1.021061875747023118e+00
1.021061875747026004e+00
1.071255687072048657e+00
1.071255687072052210e+00
1.097519416544617155e+00
1.097519416544621373e+00
1.149460187172846926e+00
1.149460187172851811e+00
1.175723916645417422e+00
1.175723916645418754e+00
1.180463562839491942e+00
1.180463562839492386e+00
1.207435680719359805e+00
1.207435680719363802e+00
1.246979603717465634e+00
1.246979603717469853e+00
1.316643556486804645e+00
1.316643556486805311e+00
1.356895867892208729e+00
1.356895867892212504e+00
1.396439790890314336e+00
1.396439790890315225e+00
1.445041867912628675e+00
1.445041867912630673e+00
1.461364097465578826e+00
1.466103743659650016e+00
1.466103743659651348e+00
1.503017361459141110e+00
1.503017361459144441e+00
1.532619784537629259e+00
1.532619784537629481e+00
1.615563930832500938e+00
1.615563930832501605e+00
1.652477548631989590e+00
1.652477548631991144e+00
1.692021471630094531e+00
1.692021471630098972e+00
1.730682048732788969e+00
1.730682048732791634e+00
1.761685424399435096e+00
1.761685424399435984e+00
1.801937735804836960e+00
1.801937735804838292e+00
1.828201465277408344e+00
1.828201465277409232e+00
1.911145611572281577e+00
1.911145611572281799e+00
1.951397922977685440e+00
1.951397922977690769e+00
1.977661652450255492e+00
1.977661652450259933e+00
2.000000000000000000e+00
2.060605798745128503e+00
2.060605798745132500e+00
2.097519416544618487e+00
2.097519416544620707e+00
2.127121839623105970e+00
2.127121839623108190e+00
2.196785792392442538e+00
2.196785792392442982e+00
2.246979603717465412e+00
2.246979603717465857e+00
2.246979603717465857e+00
2.246979603717466301e+00
2.356187479484908476e+00
2.356187479484912473e+00
2.383159597364777671e+00
2.383159597364782112e+00
2.422703520362882390e+00
2.422703520362889495e+00
2.466103743659650682e+00
2.466103743659652014e+00
2.493959207434933489e+00
2.532619784537629037e+00
2.532619784537629481e+00
2.641827660305070324e+00
2.641827660305074765e+00
2.652477548631988036e+00
2.652477548631988924e+00
2.708343701183047347e+00
2.708343701183050456e+00
2.713083347377117427e+00
2.713083347377118759e+00
2.801937735804837626e+00
2.801937735804838514e+00
2.899457152349454336e+00
2.899457152349458333e+00
2.911145611572280245e+00
2.911145611572285130e+00
2.932207487319301364e+00
2.977661652450256824e+00
2.977661652450257268e+00
3.048917339522303038e+00
3.048917339522303038e+00
3.118581292291640494e+00
3.118581292291642271e+00
3.158125215289746990e+00
3.158125215289748766e+00
3.224641256167723569e+00
3.224641256167724901e+00
3.268041479464489640e+00
3.268041479464490529e+00
3.304955097263975183e+00
3.377249355231933592e+00
3.377249355231936701e+00
3.443765396109907950e+00
3.443765396109912835e+00
3.454415284436821221e+00
3.454415284436825218e+00
3.563623160204270945e+00
3.563623160204274498e+00
3.603875471609678804e+00
3.630139201082236866e+00
3.630139201082246636e+00
3.713083347377114318e+00
3.713083347377116983e+00
3.779599388255086900e+00
3.779599388255097114e+00
3.822291223144558714e+00
3.888807264022533072e+00
3.888807264022540622e+00
3.955323304900510095e+00
