5.002294734194974168e+00 7.504228634059947112e+00
5.253442101292462141e+00 7.359228634059947538e+00
5.503442101292462141e+00 7.792241335952166281e+00
5.247390923627308190e+00 8.228747686898277180e+00
5.497390923627308190e+00 8.661760388790495924e+00
5.502294734194974168e+00 8.370254037844386374e+00
5.502294734194974168e+00 8.950254037844384669e+00
5.002294734194974168e+00 6.352177826491070434e+00
5.497390923627309078e+00 6.926696879329398371e+00
5.502294734194974168e+00 7.218203230275507920e+00
5.750000000000000000e+00 7.364228634059947431e+00
6.000000000000000000e+00 7.504228634059947112e+00
6.000000000000000000e+00 7.794228634059947147e+00
6.000000000000000000e+00 8.664228634059947254e+00
6.250000000000000000e+00 8.224228634059947751e+00
6.500000000000000000e+00 7.794228634059947147e+00
6.750000000000000000e+00 8.224228634059947751e+00
6.500000000000000000e+00 8.374228634059946330e+00
6.497390923627308190e+00 8.661760388790494147e+00
6.501147367097487084e+00 8.948266739736604691e+00
5.002294734194974168e+00 4.620127018922192796e+00
5.253442101292462141e+00 4.765127018922192370e+00
5.503442101292462141e+00 4.332114317029973627e+00
5.247390923627308190e+00 3.895607966083863616e+00
5.497390923627308190e+00 3.462595264191644429e+00
5.502294734194974168e+00 3.754101615137753978e+00
5.250000000000000000e+00 5.626152422706631739e+00
5.252609076372691810e+00 6.493684177437179628e+00
5.500000000000000000e+00 6.062177826491070398e+00
5.997390923627309078e+00 6.063684177437179912e+00
6.002294734194974168e+00 5.772177826491070363e+00
6.253442101292461253e+00 5.627177826491069901e+00
6.003442101292461253e+00 5.194165124598851158e+00
5.497390923627308190e+00 5.197658773652741537e+00
5.502294734194974168e+00 4.906152422706631988e+00
6.250000000000000000e+00 7.358203230275508488e+00
6.000000000000000000e+00 6.928203230275508773e+00
6.250000000000000000e+00 6.498203230275509057e+00
6.000000000000000000e+00 6.348203230275508702e+00
7.000000000000000000e+00 8.660254037844385522e+00
7.497390923627309078e+00 8.661760388790495924e+00
7.502294734194974168e+00 8.370254037844386374e+00
7.753442101292461253e+00 8.225254037844385024e+00
7.503442101292461253e+00 7.792241335952166281e+00
6.997390923627308190e+00 7.795734985006056661e+00
6.747390923627308190e+00 7.362722283113837030e+00
7.002294734194974168e+00 7.504228634059947112e+00
7.500000000000000000e+00 8.946279441628824713e+00
5.250000000000000000e+00 2.162050807568876909e+00
5.001147367097487084e+00 2.886088913245535181e+00
5.750000000000000000e+00 3.900127018922192601e+00
6.000000000000000000e+00 4.040127018922192725e+00
6.000000000000000000e+00 4.330127018922192761e+00
6.250000000000000000e+00 4.760127018922192477e+00
6.500000000000000000e+00 4.330127018922192761e+00
6.750000000000000000e+00 4.760127018922192477e+00
6.500000000000000000e+00 4.910127018922192832e+00
6.500000000000000000e+00 6.062177826491070398e+00
6.997390923627309078e+00 6.063684177437179912e+00
7.002294734194974168e+00 5.772177826491070363e+00
7.253442101292461253e+00 5.627177826491069901e+00
7.003442101292461253e+00 5.194165124598851158e+00
6.497390923627308190e+00 5.197658773652741537e+00
7.497390923627309078e+00 6.926696879329398371e+00
7.000000000000000000e+00 6.928203230275508773e+00
7.502294734194974168e+00 7.218203230275507920e+00
7.247390923627309078e+00 7.359709581221618002e+00
6.752609076372690922e+00 6.496696879329399543e+00
6.497705265805025832e+00 6.638203230275509625e+00
7.750000000000000000e+00 7.361215932167727516e+00
8.002294734194974168e+00 8.084228634059947183e+00
8.253442101292462141e+00 8.229228634059946756e+00
8.503442101292462141e+00 7.796215932167728013e+00
8.247390923627309078e+00 7.359709581221618002e+00
8.000000000000000000e+00 6.928203230275508773e+00
8.497390923627309078e+00 6.926696879329398371e+00
8.502294734194974168e+00 7.218203230275507920e+00
8.000000000000000000e+00 8.660254037844385522e+00
8.502294734194974168e+00 8.950254037844384669e+00
9.003442101292462141e+00 8.662241335952165500e+00
8.747390923627309078e+00 8.225734985006056377e+00
8.997390923627309078e+00 7.792722283113836745e+00
9.002294734194974168e+00 8.084228634059947183e+00
5.252609076372691810e+00 3.029582562299425685e+00
5.500000000000000000e+00 2.598076211353316012e+00
5.997390923627309078e+00 2.599582562299425526e+00
6.002294734194974168e+00 2.308076211353315976e+00
6.253442101292461253e+00 2.163076211353315959e+00
6.003442101292461253e+00 1.730063509461096549e+00
5.497390923627308190e+00 1.733557158514987151e+00
5.247390923627308190e+00 1.300544456622767742e+00
5.502294734194974168e+00 1.442050807568877380e+00
6.250000000000000000e+00 3.894101615137754546e+00
6.000000000000000000e+00 3.464101615137754386e+00
6.250000000000000000e+00 3.034101615137754226e+00
6.000000000000000000e+00 2.884101615137754315e+00
6.498852632902512916e+00 3.752114317029973556e+00
6.750000000000000000e+00 3.897114317029973574e+00
7.002294734194974168e+00 4.620127018922192796e+00
7.253442101292462141e+00 4.765127018922192370e+00
7.503442101292462141e+00 4.332114317029973627e+00
7.247390923627308190e+00 3.895607966083863616e+00
7.000000000000000000e+00 3.464101615137753942e+00
7.497390923627308190e+00 3.462595264191644429e+00
7.502294734194974168e+00 3.754101615137753978e+00
7.502294734194974168e+00 5.486152422706632059e+00
7.753442101292462141e+00 5.631152422706631633e+00
8.003442101292462141e+00 5.198139720814412890e+00
7.747390923627308190e+00 4.761633369868302879e+00
7.997390923627308190e+00 4.328620667976083247e+00
8.002294734194974168e+00 4.620127018922193685e+00
7.500000000000000000e+00 6.062177826491070398e+00
7.750000000000000000e+00 6.492177826491070114e+00
7.500000000000000000e+00 6.642177826491070469e+00
8.502294734194974168e+00 6.638203230275508737e+00
8.753442101292462141e+00 6.493203230275508275e+00
8.503442101292462141e+00 6.060190528383289532e+00
7.997390923627308190e+00 6.063684177437179912e+00
8.002294734194974168e+00 5.772177826491070363e+00
9.250000000000000000e+00 8.230254037844385806e+00
9.500000000000000000e+00 8.370254037844386374e+00
9.500000000000000000e+00 8.660254037844385522e+00
1.000000000000000000e+01 8.660254037844385522e+00
5.250000000000000000e+00 4.299999999999999933e-01
5.250000000000000000e+00 -4.299999999999999933e-01
5.997390923627309078e+00 8.645190528383285278e-01
5.500000000000000000e+00 8.660254037844385966e-01
6.002294734194974168e+00 1.156025403784438188e+00
5.747390923627309078e+00 1.297531754730548048e+00
6.250000000000000000e+00 1.299038105676657784e+00
6.502294734194974168e+00 2.022050807568877229e+00
6.753442101292462141e+00 2.167050807568877246e+00
7.003442101292462141e+00 1.734038105676657615e+00
6.747390923627308190e+00 1.297531754730548048e+00
6.500000000000000000e+00 8.660254037844384856e-01
6.997390923627308190e+00 8.645190528383287498e-01
7.002294734194974168e+00 1.156025403784438410e+00
6.500000000000000000e+00 2.598076211353316012e+00
6.747390923627309078e+00 3.029582562299425685e+00
7.002294734194974168e+00 2.888076211353316047e+00
7.253442101292462141e+00 3.033076211353315621e+00
7.503442101292462141e+00 2.600063509461096434e+00
7.247390923627308190e+00 2.163557158514986867e+00
7.497390923627308190e+00 1.730544456622767679e+00
7.502294734194974168e+00 2.022050807568877229e+00
7.502294734194974168e+00 3.174101615137754795e+00
8.250000000000000000e+00 4.766152422706632308e+00
8.500000000000000000e+00 4.906152422706631988e+00
8.500000000000000000e+00 5.196152422706632024e+00
8.750000000000000000e+00 5.626152422706631739e+00
9.000000000000000000e+00 5.196152422706632024e+00
9.250000000000000000e+00 5.626152422706631739e+00
9.000000000000000000e+00 5.776152422706632095e+00
8.752609076372690922e+00 7.359709581221618890e+00
9.000000000000000000e+00 6.928203230275508773e+00
9.497390923627309078e+00 6.929709581221618286e+00
9.502294734194974168e+00 6.638203230275508737e+00
9.753442101292462141e+00 6.493203230275508275e+00
9.503442101292462141e+00 6.060190528383289532e+00
8.997390923627309078e+00 6.063684177437179912e+00
9.750000000000000000e+00 8.224228634059947751e+00
9.500000000000000000e+00 7.794228634059947147e+00
9.750000000000000000e+00 7.364228634059947431e+00
9.500000000000000000e+00 7.214228634059947076e+00
1.100344210129246214e+01 8.658266739736605544e+00
1.049739092362730908e+01 8.661760388790495924e+00
1.024739092362730908e+01 8.228747686898277180e+00
1.050229473419497417e+01 8.370254037844386374e+00
5.500000000000000000e+00 -8.660254037844385966e-01
5.997390923627309078e+00 -8.675317547305482213e-01
6.002294734194974168e+00 -5.760254037844385611e-01
6.253442101292461253e+00 -4.310254037844384878e-01
6.003442101292461253e+00 1.987298107780866019e-03
5.497390923627308190e+00 -1.506350946109624722e-03
5.502294734194974168e+00 2.900000000000000355e-01
6.502294734194974168e+00 -2.900000000000002576e-01
6.497390923627308190e+00 1.506350946109402678e-03
6.501147367097487084e+00 2.880127018922190585e-01
6.250000000000000000e+00 4.330127018922191873e-01
7.750000000000000000e+00 2.168076211353315852e+00
8.000000000000000000e+00 2.308076211353315976e+00
8.000000000000000000e+00 2.598076211353316012e+00
8.000000000000000000e+00 3.468076211353316118e+00
8.250000000000000000e+00 3.028076211353315728e+00
8.500000000000000000e+00 2.598076211353316012e+00
8.750000000000000000e+00 3.028076211353315728e+00
8.500000000000000000e+00 3.178076211353316083e+00
8.497390923627309078e+00 3.465607966083863900e+00
8.501147367097487972e+00 3.752114317029973556e+00
8.250000000000000000e+00 3.897114317029973574e+00
8.500000000000000000e+00 4.330127018922192761e+00
8.750000000000000000e+00 3.900127018922192601e+00
9.000000000000000000e+00 4.040127018922192725e+00
9.000000000000000000e+00 4.330127018922192761e+00
9.250000000000000000e+00 4.760127018922192477e+00
9.500000000000000000e+00 4.330127018922192761e+00
9.750000000000000000e+00 4.760127018922192477e+00
9.500000000000000000e+00 4.910127018922192832e+00
1.000000000000000000e+01 6.928203230275508773e+00
1.049739092362730908e+01 6.929709581221618286e+00
1.050229473419497417e+01 6.638203230275508737e+00
1.075344210129246214e+01 6.493203230275508275e+00
1.050344210129246214e+01 6.060190528383289532e+00
9.997390923627309078e+00 6.063684177437179912e+00
9.747390923627309078e+00 5.630671475544960281e+00
1.000229473419497417e+01 5.772177826491070363e+00
1.099739092362730908e+01 7.792722283113836745e+00
1.050000000000000000e+01 7.794228634059947147e+00
1.100229473419497417e+01 8.084228634059947183e+00
1.074739092362730908e+01 8.225734985006056377e+00
1.025260907637269092e+01 7.362722283113837918e+00
9.997705265805025832e+00 7.504228634059947112e+00
1.125000000000000000e+01 8.227241335952166779e+00
1.150229473419497417e+01 8.950254037844384669e+00
1.200344210129246214e+01 8.662241335952165500e+00
1.174739092362730908e+01 8.225734985006056377e+00
1.150000000000000000e+01 7.794228634059947147e+00
1.199739092362730908e+01 7.792722283113836745e+00
1.200229473419497417e+01 8.084228634059947183e+00
6.500000000000000000e+00 -8.660254037844388186e-01
7.000000000000000000e+00 -8.660254037844387076e-01
7.000000000000000000e+00 3.974596215561287949e-03
7.250000000000000000e+00 -4.360254037844387143e-01
7.500000000000000000e+00 -8.660254037844387076e-01
7.750000000000000000e+00 -4.360254037844387698e-01
7.500000000000000000e+00 -2.860254037844387476e-01
7.497390923627308190e+00 1.506350946109402678e-03
7.501147367097487084e+00 2.880127018922190585e-01
7.250000000000000000e+00 4.330127018922191873e-01
7.500000000000000000e+00 8.660254037844383745e-01
7.252609076372691810e+00 1.297531754730548048e+00
8.250000000000000000e+00 2.162050807568877353e+00
8.000000000000000000e+00 1.732050807568877193e+00
8.250000000000000000e+00 1.302050807568877255e+00
8.000000000000000000e+00 1.152050807568877122e+00
8.000000000000000000e+00 8.620508075688771976e-01
9.000000000000000000e+00 3.464101615137754386e+00
9.497390923627309078e+00 3.465607966083863900e+00
9.502294734194974168e+00 3.174101615137754351e+00
9.753442101292462141e+00 3.029101615137754333e+00
9.503442101292462141e+00 2.596088913245535146e+00
8.997390923627309078e+00 2.599582562299425526e+00
8.747390923627309078e+00 2.166569860407205894e+00
9.002294734194974168e+00 2.308076211353315976e+00
1.000229473419497417e+01 4.620127018922192796e+00
9.997390923627309078e+00 4.328620667976083247e+00
1.000114736709748797e+01 4.042114317029973591e+00
9.750000000000000000e+00 3.897114317029973574e+00
1.000000000000000000e+01 3.464101615137754386e+00
1.049739092362730908e+01 5.194646071760521622e+00
1.000000000000000000e+01 5.196152422706632024e+00
1.050229473419497417e+01 5.486152422706631171e+00
1.024739092362730908e+01 5.627658773652741253e+00
1.075000000000000000e+01 5.629165124598850767e+00
1.100229473419497417e+01 6.352177826491070434e+00
1.125344210129246214e+01 6.497177826491070007e+00
1.150344210129246214e+01 6.064165124598851264e+00
1.124739092362730908e+01 5.627658773652741253e+00
1.100000000000000000e+01 5.196152422706632024e+00
1.149739092362730908e+01 5.194646071760521622e+00
1.150229473419497417e+01 5.486152422706631171e+00
1.100000000000000000e+01 6.928203230275508773e+00
1.125000000000000000e+01 7.358203230275508488e+00
1.100000000000000000e+01 7.508203230275508844e+00
1.200229473419497417e+01 7.504228634059947112e+00
1.225344210129246214e+01 7.359228634059946650e+00
1.200344210129246214e+01 6.926215932167727907e+00
1.149739092362730908e+01 6.929709581221618286e+00
1.150229473419497417e+01 6.638203230275508737e+00
1.250000000000000000e+01 8.946279441628824713e+00
1.250000000000000000e+01 8.656279441628825566e+00
7.752609076372691810e+00 4.315063509461096736e-01
8.000000000000000000e+00 0.000000000000000000e+00
8.497390923627309078e+00 1.506350946109596967e-03
8.502294734194974168e+00 -2.900000000000000355e-01
8.753442101292462141e+00 -4.350000000000001088e-01
8.503442101292462141e+00 -8.680127018922194626e-01
7.997390923627308190e+00 -8.645190528383289719e-01
8.750000000000000000e+00 1.296025403784438534e+00
8.500000000000000000e+00 8.660254037844385966e-01
8.500000000000000000e+00 1.446025403784438446e+00
8.750000000000000000e+00 4.360254037844386032e-01
8.500000000000000000e+00 2.860254037844386366e-01
9.497390923627309078e+00 1.730544456622767235e+00
9.000000000000000000e+00 1.732050807568877193e+00
9.502294734194974168e+00 2.022050807568876785e+00
9.247390923627309078e+00 2.163557158514986867e+00
9.750000000000000000e+00 2.165063509461096825e+00
1.000229473419497417e+01 2.888076211353316047e+00
1.025344210129246214e+01 3.033076211353315621e+00
1.050344210129246214e+01 2.600063509461096434e+00
1.024739092362730908e+01 2.163557158514986867e+00
1.000000000000000000e+01 1.732050807568877193e+00
1.049739092362730908e+01 1.730544456622767679e+00
1.050229473419497417e+01 2.022050807568877229e+00
1.050000000000000000e+01 3.174101615137754351e+00
1.050000000000000000e+01 3.464101615137754386e+00
1.050000000000000000e+01 4.334101615137754493e+00
1.075000000000000000e+01 3.894101615137754102e+00
1.100000000000000000e+01 3.464101615137754386e+00
1.125000000000000000e+01 3.894101615137754102e+00
1.100000000000000000e+01 4.044101615137754457e+00
1.099739092362730908e+01 4.331633369868302275e+00
1.100114736709748797e+01 4.618139720814411930e+00
1.075000000000000000e+01 4.763139720814411504e+00
1.175000000000000000e+01 5.632177826491070682e+00
1.200000000000000000e+01 5.772177826491070363e+00
1.200000000000000000e+01 6.062177826491070398e+00
1.225000000000000000e+01 6.492177826491070114e+00
1.250000000000000000e+01 6.062177826491070398e+00
1.275000000000000000e+01 6.492177826491070114e+00
1.250000000000000000e+01 6.642177826491070469e+00
1.225260907637269092e+01 8.225734985006056377e+00
1.250000000000000000e+01 7.794228634059947147e+00
1.299739092362730908e+01 7.795734985006056661e+00
1.300229473419497417e+01 7.504228634059947112e+00
1.325344210129246214e+01 7.359228634059946650e+00
1.300344210129246214e+01 6.926215932167727907e+00
1.249739092362730908e+01 6.929709581221618286e+00
1.300000000000000000e+01 8.660254037844385522e+00
1.325000000000000000e+01 8.230254037844385806e+00
1.300000000000000000e+01 8.080254037844385451e+00
9.002294734194974168e+00 -5.760254037844387831e-01
9.253442101292462141e+00 -4.310254037844387653e-01
9.503442101292462141e+00 -8.640381056766581747e-01
9.000000000000000000e+00 0.000000000000000000e+00
9.497390923627309078e+00 -1.506350946109596967e-03
9.502294734194974168e+00 2.900000000000000355e-01
9.753442101292462141e+00 4.350000000000001088e-01
9.503442101292462141e+00 8.680127018922194626e-01
8.997390923627309078e+00 8.645190528383289719e-01
9.002294734194974168e+00 1.156025403784438632e+00
1.000229473419497417e+01 5.760254037844383390e-01
9.997390923627309078e+00 8.675317547305479993e-01
1.000114736709748797e+01 1.154038105676657544e+00
9.750000000000000000e+00 1.299038105676657784e+00
1.075000000000000000e+01 2.168076211353315852e+00
1.100000000000000000e+01 2.308076211353315976e+00
1.100000000000000000e+01 2.598076211353316012e+00
1.125000000000000000e+01 3.028076211353315728e+00
1.150000000000000000e+01 2.598076211353316012e+00
1.175000000000000000e+01 3.028076211353315728e+00
1.150000000000000000e+01 3.178076211353316083e+00
1.125260907637269092e+01 4.761633369868302879e+00
1.150000000000000000e+01 4.330127018922192761e+00
1.199739092362730908e+01 4.331633369868302275e+00
1.200229473419497417e+01 4.040127018922192725e+00
1.225344210129246214e+01 3.895127018922192708e+00
1.200344210129246214e+01 3.462114317029973520e+00
1.149739092362730908e+01 3.465607966083863900e+00
1.225000000000000000e+01 5.626152422706631739e+00
1.200000000000000000e+01 5.196152422706632024e+00
1.225000000000000000e+01 4.766152422706632308e+00
1.200000000000000000e+01 4.616152422706631953e+00
1.249885263290251203e+01 5.484165124598851193e+00
1.275000000000000000e+01 5.629165124598850767e+00
1.300229473419497417e+01 6.352177826491070434e+00
1.325344210129246214e+01 6.497177826491070007e+00
1.350344210129246214e+01 6.064165124598851264e+00
1.324739092362730908e+01 5.627658773652741253e+00
1.300000000000000000e+01 5.196152422706632024e+00
1.349739092362730908e+01 5.194646071760521622e+00
1.350229473419497417e+01 5.486152422706631171e+00
1.350229473419497417e+01 7.218203230275508808e+00
1.375344210129246214e+01 7.363203230275508382e+00
1.400344210129246214e+01 6.930190528383289639e+00
1.374739092362730908e+01 6.493684177437179628e+00
1.399739092362730908e+01 6.060671475544959996e+00
1.400229473419497417e+01 6.352177826491070434e+00
1.350000000000000000e+01 7.794228634059947147e+00
1.399739092362730908e+01 7.792722283113837634e+00
1.400229473419497417e+01 8.084228634059947183e+00
1.425344210129246214e+01 8.229228634059946756e+00
1.400344210129246214e+01 8.662241335952167276e+00
1.349739092362730908e+01 8.658747686898276896e+00
1.350229473419497417e+01 8.950254037844386445e+00
1.450229473419497417e+01 8.370254037844384598e+00
1.449739092362730908e+01 8.661760388790494147e+00
1.450114736709748797e+01 8.948266739736604691e+00
1.025000000000000000e+01 4.299999999999999933e-01
1.000000000000000000e+01 0.000000000000000000e+00
1.025000000000000000e+01 -4.299999999999999933e-01
1.000000000000000000e+01 -5.799999999999999600e-01
1.000000000000000000e+01 -8.699999999999999956e-01
1.025260907637269092e+01 1.297531754730548270e+00
1.050000000000000000e+01 8.660254037844385966e-01
1.099739092362730908e+01 8.675317547305482213e-01
1.100229473419497417e+01 5.760254037844385611e-01
1.125344210129246214e+01 4.310254037844384878e-01
1.100344210129246214e+01 -1.987298107780866019e-03
1.049739092362730908e+01 1.506350946109624722e-03
1.050229473419497417e+01 -2.900000000000000355e-01
1.125000000000000000e+01 2.162050807568877353e+00
1.100000000000000000e+01 1.732050807568877193e+00
1.125000000000000000e+01 1.302050807568877255e+00
1.100000000000000000e+01 1.152050807568877122e+00
1.149885263290251203e+01 2.020063509461096807e+00
1.175000000000000000e+01 2.165063509461096825e+00
1.200229473419497417e+01 2.888076211353316047e+00
1.225344210129246214e+01 3.033076211353315621e+00
1.250344210129246214e+01 2.600063509461096434e+00
1.224739092362730908e+01 2.163557158514986867e+00
1.200000000000000000e+01 1.732050807568877193e+00
1.249739092362730908e+01 1.730544456622767679e+00
1.250229473419497417e+01 2.022050807568877229e+00
1.250229473419497417e+01 3.754101615137754422e+00
1.275344210129246214e+01 3.899101615137753996e+00
1.300344210129246214e+01 3.466088913245534808e+00
1.274739092362730908e+01 3.029582562299425241e+00
1.299739092362730908e+01 2.596569860407206054e+00
1.300229473419497417e+01 2.888076211353315603e+00
1.250000000000000000e+01 4.330127018922192761e+00
1.274739092362730908e+01 4.761633369868301990e+00
1.300229473419497417e+01 4.620127018922192796e+00
1.325344210129246214e+01 4.765127018922192370e+00
1.350344210129246214e+01 4.332114317029973627e+00
1.324739092362730908e+01 3.895607966083863616e+00
1.349739092362730908e+01 3.462595264191644429e+00
1.350229473419497417e+01 3.754101615137753978e+00
1.350229473419497417e+01 4.906152422706632876e+00
1.475000000000000000e+01 8.224228634059947751e+00
1.450000000000000000e+01 7.794228634059947147e+00
1.475000000000000000e+01 7.364228634059947431e+00
1.450000000000000000e+01 7.214228634059947076e+00
1.450000000000000000e+01 6.924228634059947041e+00
1.499739092362730908e+01 7.795734985006056661e+00
1.075000000000000000e+01 -4.360254037844386032e-01
1.050000000000000000e+01 -8.660254037844385966e-01
1.099885263290251203e+01 -5.780127018922193161e-01
1.125000000000000000e+01 -4.330127018922193538e-01
1.150229473419497417e+01 2.899999999999998690e-01
1.175344210129246214e+01 4.349999999999998312e-01
1.200344210129246214e+01 1.987298107780477441e-03
1.174739092362730908e+01 -4.345190528383291451e-01
1.150000000000000000e+01 -8.660254037844387076e-01
1.199739092362730908e+01 -8.675317547305484434e-01
1.200229473419497417e+01 -5.760254037844387831e-01
1.150000000000000000e+01 8.660254037844385966e-01
1.174739092362730908e+01 1.297531754730548048e+00
1.200229473419497417e+01 1.156025403784438410e+00
1.225344210129246214e+01 1.301025403784438428e+00
1.250344210129246214e+01 8.680127018922190185e-01
1.224739092362730908e+01 4.315063509461094515e-01
1.249739092362730908e+01 -1.506350946109846767e-03
1.250229473419497417e+01 2.899999999999998135e-01
1.250229473419497417e+01 1.442050807568877602e+00
1.375000000000000000e+01 3.900127018922192601e+00
1.400000000000000000e+01 4.040127018922192725e+00
1.400000000000000000e+01 4.330127018922192761e+00
1.400000000000000000e+01 5.200127018922192867e+00
1.425000000000000000e+01 4.760127018922192477e+00
1.450000000000000000e+01 4.330127018922192761e+00
1.475000000000000000e+01 4.760127018922192477e+00
1.450000000000000000e+01 4.910127018922192832e+00
1.449739092362730908e+01 5.197658773652741537e+00
1.450114736709748797e+01 5.484165124598851193e+00
1.425000000000000000e+01 5.629165124598850767e+00
1.450000000000000000e+01 6.062177826491070398e+00
1.425260907637269270e+01 6.493684177437179628e+00
1.275000000000000000e+01 4.360254037844385477e-01
1.300000000000000000e+01 5.760254037844385611e-01
1.300000000000000000e+01 8.660254037844384856e-01
1.300000000000000000e+01 1.736025403784438481e+00
1.325000000000000000e+01 1.296025403784438534e+00
1.350000000000000000e+01 8.660254037844384856e-01
1.375000000000000000e+01 1.296025403784438534e+00
1.350000000000000000e+01 1.446025403784438446e+00
1.349739092362730908e+01 1.733557158514986707e+00
1.350114736709748797e+01 2.020063509461096363e+00
1.325000000000000000e+01 2.165063509461096380e+00
1.350000000000000000e+01 2.598076211353315568e+00
1.325260907637269270e+01 3.029582562299425241e+00
1.425000000000000000e+01 3.894101615137754546e+00
1.400000000000000000e+01 3.464101615137754386e+00
1.425000000000000000e+01 3.034101615137754226e+00
1.400000000000000000e+01 2.884101615137754315e+00
1.400000000000000000e+01 2.594101615137754280e+00
1.475260907637269092e+01 5.627658773652742141e+00
1.499739092362730908e+01 4.331633369868303163e+00
1.474739092362730908e+01 3.898620667976083531e+00
1.225260907637269092e+01 -4.345190528383289230e-01
1.250000000000000000e+01 -8.660254037844385966e-01
1.299739092362730908e+01 -8.645190528383289719e-01
1.325000000000000000e+01 4.299999999999999933e-01
1.300000000000000000e+01 0.000000000000000000e+00
1.325000000000000000e+01 -4.299999999999999933e-01
1.300000000000000000e+01 -5.799999999999999600e-01
1.424739092362730908e+01 1.300544456622767520e+00
1.400000000000000000e+01 1.732050807568877193e+00
1.450229473419497417e+01 1.442050807568876936e+00
1.449739092362730908e+01 1.733557158514986707e+00
1.450114736709748797e+01 2.020063509461096363e+00
1.425000000000000000e+01 2.165063509461096380e+00
1.450000000000000000e+01 2.598076211353315568e+00
1.450000000000000000e+01 3.178076211353316083e+00
1.475000000000000000e+01 3.028076211353316172e+00
1.350000000000000000e+01 -8.660254037844385966e-01
1.349885263290251203e+01 -2.880127018922192805e-01
1.375000000000000000e+01 -4.330127018922192428e-01
1.450344210129246214e+01 -8.680127018922190185e-01
1.424739092362730908e+01 -4.315063509461094515e-01
1.400000000000000000e+01 1.110223024625156540e-16
1.449739092362730908e+01 1.506350946109846767e-03
1.450229473419497417e+01 -2.899999999999998135e-01
1.450229473419497417e+01 2.899999999999995914e-01
1.424739092362730908e+01 4.315063509461094515e-01
1.400114736709748797e+01 5.780127018922193161e-01
1.375000000000000000e+01 4.330127018922195203e-01
1.499739092362730908e+01 8.645190528383285278e-01
1.450000000000000000e+01 8.660254037844385966e-01
1.474739092362730908e+01 1.297531754730548048e+00
