0.000000000000000000e+00 -7.099999999999999367e-02
0.000000000000000000e+00 7.099999999999999367e-02
0.000000000000000000e+00 0.000000000000000000e+00
1.229756073373902692e-01 0.000000000000000000e+00
6.148780366869513458e-02 1.064999999999999836e-01
6.148780366869513458e-02 -1.064999999999999836e-01
1.229750000000000010e-01 1.419989480607826704e-01
1.229750000000000010e-01 2.839989480607826855e-01
1.229750000000000010e-01 2.129989480607826779e-01
2.459506073373902701e-01 2.129989480607826779e-01
1.844628036686951356e-01 3.194989480607826615e-01
1.844628036686951356e-01 1.064989480607826944e-01
2.459500000000000020e-01 3.549978961215653483e-01
2.459500000000000020e-01 4.969978961215653634e-01
2.459500000000000020e-01 4.259978961215653559e-01
3.689256073373902711e-01 4.259978961215653559e-01
3.074378036686951088e-01 5.324978961215653950e-01
3.074378036686951088e-01 3.194978961215653723e-01
3.689250000000000029e-01 5.679968441823480818e-01
3.689250000000000029e-01 7.099968441823479859e-01
3.689250000000000029e-01 6.389968441823480338e-01
4.919006073373902721e-01 6.389968441823480338e-01
4.304128036686951653e-01 7.454968441823479619e-01
4.304128036686951653e-01 5.324968441823481058e-01
2.459500000000000020e-01 -7.099999999999999367e-02
2.459500000000000020e-01 7.099999999999999367e-02
2.459500000000000020e-01 0.000000000000000000e+00
3.689256073373902711e-01 0.000000000000000000e+00
3.074378036686951088e-01 1.064999999999999836e-01
3.074378036686951088e-01 -1.064999999999999836e-01
3.689250000000000029e-01 1.419989480607826704e-01
3.689250000000000029e-01 2.839989480607826855e-01
3.689250000000000029e-01 2.129989480607826779e-01
4.919006073373902721e-01 2.129989480607826779e-01
4.304128036686951653e-01 3.194989480607826615e-01
4.304128036686951653e-01 1.064989480607826944e-01
4.919000000000000039e-01 3.549978961215653483e-01
4.919000000000000039e-01 4.969978961215653634e-01
4.919000000000000039e-01 4.259978961215653559e-01
6.148756073373902176e-01 4.259978961215653559e-01
5.533878036686951107e-01 5.324978961215653950e-01
5.533878036686951107e-01 3.194978961215653723e-01
6.148750000000000604e-01 5.679968441823480818e-01
6.148750000000000604e-01 7.099968441823479859e-01
6.148750000000000604e-01 6.389968441823480338e-01
7.378506073373902741e-01 6.389968441823480338e-01
6.763628036686951672e-01 7.454968441823479619e-01
6.763628036686951672e-01 5.324968441823481058e-01
4.919000000000000039e-01 -7.099999999999999367e-02
4.919000000000000039e-01 7.099999999999999367e-02
4.919000000000000039e-01 0.000000000000000000e+00
6.148756073373902176e-01 0.000000000000000000e+00
5.533878036686951107e-01 1.064999999999999836e-01
5.533878036686951107e-01 -1.064999999999999836e-01
6.148750000000000604e-01 1.419989480607826704e-01
6.148750000000000604e-01 2.839989480607826855e-01
6.148750000000000604e-01 2.129989480607826779e-01
7.378506073373902741e-01 2.129989480607826779e-01
6.763628036686951672e-01 3.194989480607826615e-01
6.763628036686951672e-01 1.064989480607826944e-01
7.378500000000000059e-01 3.549978961215653483e-01
7.378500000000000059e-01 4.969978961215653634e-01
7.378500000000000059e-01 4.259978961215653559e-01
8.608256073373903305e-01 4.259978961215653559e-01
7.993378036686951127e-01 5.324978961215653950e-01
7.993378036686951127e-01 3.194978961215653723e-01
8.608249999999999513e-01 5.679968441823480818e-01
8.608249999999999513e-01 7.099968441823479859e-01
8.608249999999999513e-01 6.389968441823480338e-01
9.838006073373901650e-01 6.389968441823480338e-01
9.223128036686950582e-01 7.454968441823479619e-01
9.223128036686950582e-01 5.324968441823481058e-01
7.378500000000000059e-01 -7.099999999999999367e-02
7.378500000000000059e-01 7.099999999999999367e-02
7.378500000000000059e-01 0.000000000000000000e+00
8.608256073373903305e-01 0.000000000000000000e+00
7.993378036686951127e-01 1.064999999999999836e-01
7.993378036686951127e-01 -1.064999999999999836e-01
8.608249999999999513e-01 1.419989480607826704e-01
8.608249999999999513e-01 2.839989480607826855e-01
8.608249999999999513e-01 2.129989480607826779e-01
9.838006073373901650e-01 2.129989480607826779e-01
9.223128036686950582e-01 3.194989480607826615e-01
9.223128036686950582e-01 1.064989480607826944e-01
9.838000000000000078e-01 3.549978961215653483e-01
9.838000000000000078e-01 4.969978961215653634e-01
9.838000000000000078e-01 4.259978961215653559e-01
1.106775607337390221e+00 4.259978961215653559e-01
1.045287803668695226e+00 5.324978961215653950e-01
1.045287803668695226e+00 3.194978961215653723e-01
1.106775000000000064e+00 5.679968441823480818e-01
1.106775000000000064e+00 7.099968441823479859e-01
1.106775000000000064e+00 6.389968441823480338e-01
1.229750607337390278e+00 6.389968441823480338e-01
1.168262803668695282e+00 7.454968441823479619e-01
1.168262803668695282e+00 5.324968441823481058e-01
