8.503442101292462141e+00 7.796215932167728013e+00
8.497390923627309078e+00 6.926696879329398371e+00
8.502294734194974168e+00 7.218203230275507920e+00
9.003442101292462141e+00 8.662241335952165500e+00
8.747390923627309078e+00 8.225734985006056377e+00
8.997390923627309078e+00 7.792722283113836745e+00
9.002294734194974168e+00 8.084228634059947183e+00
8.502294734194974168e+00 6.638203230275508737e+00
8.753442101292462141e+00 6.493203230275508275e+00
9.250000000000000000e+00 8.230254037844385806e+00
9.500000000000000000e+00 8.370254037844386374e+00
9.500000000000000000e+00 8.660254037844385522e+00
9.750000000000000000e+00 9.090254037844385238e+00
1.000000000000000000e+01 8.660254037844385522e+00
1.025000000000000000e+01 9.090254037844385238e+00
1.000000000000000000e+01 9.240254037844385593e+00
8.752609076372690922e+00 7.359709581221618890e+00
9.000000000000000000e+00 6.928203230275508773e+00
9.497390923627309078e+00 6.929709581221618286e+00
9.502294734194974168e+00 6.638203230275508737e+00
9.753442101292462141e+00 6.493203230275508275e+00
9.503442101292462141e+00 6.060190528383289532e+00
9.750000000000000000e+00 8.224228634059947751e+00
9.500000000000000000e+00 7.794228634059947147e+00
9.750000000000000000e+00 7.364228634059947431e+00
9.500000000000000000e+00 7.214228634059947076e+00
1.100344210129246214e+01 8.658266739736605544e+00
1.049739092362730908e+01 8.661760388790495924e+00
1.024739092362730908e+01 8.228747686898277180e+00
1.050229473419497417e+01 8.370254037844386374e+00
1.000000000000000000e+01 6.928203230275508773e+00
1.049739092362730908e+01 6.929709581221618286e+00
1.050229473419497417e+01 6.638203230275508737e+00
1.075344210129246214e+01 6.493203230275508275e+00
1.050344210129246214e+01 6.060190528383289532e+00
9.997390923627309078e+00 6.063684177437179912e+00
1.000229473419497417e+01 5.772177826491070363e+00
1.099739092362730908e+01 7.792722283113836745e+00
1.050000000000000000e+01 7.794228634059947147e+00
1.100229473419497417e+01 8.084228634059947183e+00
1.074739092362730908e+01 8.225734985006056377e+00
1.025260907637269092e+01 7.362722283113837918e+00
9.997705265805025832e+00 7.504228634059947112e+00
1.125000000000000000e+01 8.227241335952166779e+00
1.150000000000000000e+01 7.794228634059947147e+00
1.100229473419497417e+01 6.352177826491070434e+00
1.125344210129246214e+01 6.497177826491070007e+00
1.100000000000000000e+01 6.928203230275508773e+00
1.125000000000000000e+01 7.358203230275508488e+00
1.100000000000000000e+01 7.508203230275508844e+00
1.149739092362730908e+01 6.929709581221618286e+00
1.150229473419497417e+01 6.638203230275508737e+00
