7.753442101292461253e+00 8.225254037844385024e+00
8.997390923627309078e+00 9.524773090682716159e+00
7.750000000000000000e+00 7.361215932167727516e+00
8.002294734194974168e+00 8.084228634059947183e+00
8.253442101292462141e+00 8.229228634059946756e+00
8.503442101292462141e+00 7.796215932167728013e+00
8.247390923627309078e+00 7.359709581221618002e+00
8.000000000000000000e+00 6.928203230275508773e+00
8.497390923627309078e+00 6.926696879329398371e+00
8.502294734194974168e+00 7.218203230275507920e+00
8.000000000000000000e+00 8.660254037844385522e+00
8.247390923627309078e+00 9.091760388790495639e+00
8.502294734194974168e+00 8.950254037844384669e+00
8.753442101292462141e+00 9.095254037844386019e+00
9.003442101292462141e+00 8.662241335952165500e+00
8.747390923627309078e+00 8.225734985006056377e+00
8.997390923627309078e+00 7.792722283113836745e+00
9.002294734194974168e+00 8.084228634059947183e+00
9.002294734194974168e+00 9.236279441628825637e+00
7.750000000000000000e+00 6.492177826491070114e+00
8.502294734194974168e+00 6.638203230275508737e+00
8.753442101292462141e+00 6.493203230275508275e+00
8.503442101292462141e+00 6.060190528383289532e+00
7.997390923627308190e+00 6.063684177437179912e+00
9.250000000000000000e+00 8.230254037844385806e+00
9.500000000000000000e+00 8.370254037844386374e+00
9.500000000000000000e+00 8.660254037844385522e+00
9.500000000000000000e+00 9.530254037844384740e+00
9.750000000000000000e+00 9.090254037844385238e+00
1.000000000000000000e+01 8.660254037844385522e+00
1.025000000000000000e+01 9.090254037844385238e+00
1.000000000000000000e+01 9.240254037844385593e+00
9.997390923627309078e+00 9.527785792574933410e+00
1.000114736709748797e+01 9.814292143521043954e+00
9.750000000000000000e+00 9.959292143521043528e+00
8.750000000000000000e+00 5.626152422706631739e+00
9.250000000000000000e+00 5.626152422706631739e+00
9.000000000000000000e+00 5.776152422706632095e+00
8.752609076372690922e+00 7.359709581221618890e+00
9.000000000000000000e+00 6.928203230275508773e+00
9.497390923627309078e+00 6.929709581221618286e+00
9.502294734194974168e+00 6.638203230275508737e+00
9.753442101292462141e+00 6.493203230275508275e+00
9.503442101292462141e+00 6.060190528383289532e+00
8.997390923627309078e+00 6.063684177437179912e+00
9.750000000000000000e+00 8.224228634059947751e+00
9.500000000000000000e+00 7.794228634059947147e+00
9.750000000000000000e+00 7.364228634059947431e+00
9.500000000000000000e+00 7.214228634059947076e+00
1.025260907637269092e+01 9.957785792574934902e+00
1.050000000000000000e+01 9.526279441628824785e+00
1.099739092362730908e+01 9.527785792574935186e+00
1.100229473419497417e+01 9.236279441628823861e+00
1.125344210129246214e+01 9.091279441628824287e+00
1.100344210129246214e+01 8.658266739736605544e+00
1.049739092362730908e+01 8.661760388790495924e+00
1.024739092362730908e+01 8.228747686898277180e+00
1.050229473419497417e+01 8.370254037844386374e+00
1.000000000000000000e+01 6.928203230275508773e+00
1.049739092362730908e+01 6.929709581221618286e+00
1.050229473419497417e+01 6.638203230275508737e+00
1.075344210129246214e+01 6.493203230275508275e+00
1.050344210129246214e+01 6.060190528383289532e+00
9.997390923627309078e+00 6.063684177437179912e+00
9.747390923627309078e+00 5.630671475544960281e+00
1.000229473419497417e+01 5.772177826491070363e+00
1.099739092362730908e+01 7.792722283113836745e+00
1.050000000000000000e+01 7.794228634059947147e+00
1.100229473419497417e+01 8.084228634059947183e+00
1.074739092362730908e+01 8.225734985006056377e+00
1.025260907637269092e+01 7.362722283113837918e+00
9.997705265805025832e+00 7.504228634059947112e+00
1.125000000000000000e+01 8.227241335952166779e+00
1.150229473419497417e+01 8.950254037844384669e+00
1.175344210129246214e+01 9.095254037844386019e+00
1.200344210129246214e+01 8.662241335952165500e+00
1.174739092362730908e+01 8.225734985006056377e+00
1.150000000000000000e+01 7.794228634059947147e+00
1.199739092362730908e+01 7.792722283113836745e+00
1.200229473419497417e+01 8.084228634059947183e+00
1.049739092362730908e+01 5.194646071760521622e+00
1.000000000000000000e+01 5.196152422706632024e+00
1.050229473419497417e+01 5.486152422706631171e+00
1.024739092362730908e+01 5.627658773652741253e+00
1.075000000000000000e+01 5.629165124598850767e+00
1.100229473419497417e+01 6.352177826491070434e+00
1.125344210129246214e+01 6.497177826491070007e+00
1.150344210129246214e+01 6.064165124598851264e+00
1.124739092362730908e+01 5.627658773652741253e+00
1.100000000000000000e+01 6.928203230275508773e+00
1.125000000000000000e+01 7.358203230275508488e+00
1.100000000000000000e+01 7.508203230275508844e+00
1.200229473419497417e+01 7.504228634059947112e+00
1.225344210129246214e+01 7.359228634059946650e+00
1.200344210129246214e+01 6.926215932167727907e+00
1.149739092362730908e+01 6.929709581221618286e+00
1.150229473419497417e+01 6.638203230275508737e+00
1.200000000000000000e+01 6.062177826491070398e+00
1.225000000000000000e+01 6.492177826491070114e+00
1.225260907637269092e+01 8.225734985006056377e+00
