-3.955323304900514092e+00
-3.888807264022539290e+00
-3.888807264022538845e+00
-3.822291223144563155e+00
-3.779599388255095338e+00
-3.779599388255094894e+00
-3.713083347377120091e+00
-3.713083347377119647e+00
-3.630139201082246636e+00
-3.630139201082246636e+00
-3.603875471609676140e+00
-3.563623160204271390e+00
-3.563623160204271390e+00
-3.454415284436828326e+00
-3.454415284436827438e+00
-3.443765396109910615e+00
-3.443765396109909283e+00
-3.377249355231934924e+00
-3.377249355231934036e+00
-3.304955097263979624e+00
-3.268041479464490529e+00
-3.268041479464490529e+00
-3.224641256167724013e+00
-3.224641256167723569e+00
-3.158125215289748322e+00
-3.158125215289748322e+00
-3.118581292291642715e+00
-3.118581292291641827e+00
-3.048917339522305259e+00
-3.048917339522304371e+00
-2.977661652450257712e+00
-2.977661652450256380e+00
-2.932207487319304917e+00
-2.911145611572281133e+00
-2.911145611572280689e+00
-2.899457152349457445e+00
-2.899457152349456557e+00
-2.801937735804838958e+00
-2.801937735804837626e+00
-2.713083347377120091e+00
-2.713083347377119647e+00
-2.708343701183046903e+00
-2.708343701183046903e+00
-2.652477548631991144e+00
-2.652477548631989812e+00
-2.641827660305072101e+00
-2.641827660305071213e+00
-2.532619784537629481e+00
-2.532619784537628593e+00
-2.493959207434933489e+00
-2.466103743659652903e+00
-2.466103743659652459e+00
-2.422703520362886387e+00
-2.422703520362885943e+00
-2.383159597364780780e+00
-2.383159597364779447e+00
-2.356187479484911140e+00
-2.356187479484909808e+00
-2.246979603717468965e+00
-2.246979603717468077e+00
-2.246979603717468077e+00
-2.246979603717467189e+00
-2.196785792392442982e+00
-2.196785792392442538e+00
-2.127121839623106414e+00
-2.127121839623103750e+00
-2.097519416544618487e+00
-2.097519416544618043e+00
-2.060605798745130723e+00
-2.060605798745130279e+00
-2.000000000000000000e+00
-1.977661652450257712e+00
-1.977661652450257046e+00
-1.951397922977687438e+00
-1.951397922977686550e+00
-1.911145611572281799e+00
-1.911145611572281355e+00
-1.828201465277410787e+00
-1.828201465277408566e+00
-1.801937735804838514e+00
-1.801937735804838292e+00
-1.761685424399433098e+00
-1.761685424399432875e+00
-1.730682048732790523e+00
-1.730682048732789635e+00
-1.692021471630096086e+00
-1.692021471630095864e+00
-1.652477548631990034e+00
-1.652477548631989368e+00
-1.615563930832501605e+00
-1.615563930832500938e+00
-1.532619784537628815e+00
-1.532619784537628593e+00
-1.503017361459141332e+00
-1.503017361459140000e+00
-1.466103743659654013e+00
-1.466103743659653347e+00
-1.461364097465581491e+00
-1.445041867912629119e+00
-1.445041867912628897e+00
-1.396439790890317001e+00
-1.396439790890315891e+00
-1.356895867892209617e+00
-1.356895867892208063e+00
-1.316643556486803979e+00
-1.316643556486803535e+00
-1.246979603717468299e+00
-1.246979603717467411e+00
-1.207435680719361359e+00
-1.207435680719361137e+00
-1.180463562839491498e+00
-1.180463562839491276e+00
-1.175723916645419642e+00
-1.175723916645419420e+00
-1.149460187172848924e+00
-1.149460187172847814e+00
-1.097519416544618709e+00
-1.097519416544618265e+00
-1.071255687072048213e+00
-1.071255687072047325e+00
-1.021061875747023562e+00
-1.021061875747021785e+00
-9.776616524502571570e-01
-9.776616524502566019e-01
-9.217954998992003990e-01
-9.217954998991980675e-01
-9.111456115722815774e-01
-9.111456115722805782e-01
-8.900837358252577936e-01
-8.801422359056386702e-01
-8.801422359056377820e-01
-8.505398128271516311e-01
-8.505398128271514091e-01
-8.019377358048405124e-01
-8.019377358048384030e-01
-8.019377358048369597e-01
-8.019377358048358495e-01
-7.354216949268633785e-01
-7.354216949268614911e-01
-7.306820487327911895e-01
-7.306820487327898572e-01
-6.641660078548146107e-01
-6.641660078548141666e-01
-6.524775486319901452e-01
-6.524775486319893680e-01
-5.945020550854775987e-01
-5.945020550854768215e-01
-5.812218615599418214e-01
-5.812218615599411553e-01
-5.549581320873776535e-01
-5.549581320873741008e-01
-5.549581320873716583e-01
-5.549581320873712142e-01
-5.162975549846776646e-01
-5.162975549846767764e-01
-5.115579087906032552e-01
-5.115579087906027000e-01
-4.661037436596525696e-01
-4.661037436596515149e-01
-4.450418679126287302e-01
-4.450418679126268429e-01
-4.054979449145230119e-01
-4.054979449145215131e-01
-3.358339921451856669e-01
-3.358339921451826138e-01
-3.251841038182681776e-01
-3.251841038182650689e-01
-2.989203743456971263e-01
-2.955816807397801949e-01
-2.955816807397783075e-01
-2.856401808201614601e-01
-2.856401808201611270e-01
-2.693179512672103648e-01
-2.693179512672099207e-01
-2.586680629402902665e-01
-2.586680629402875464e-01
-2.469796037174686876e-01
-2.469796037174674108e-01
-2.191241399421860747e-01
-2.191241399421860192e-01
-1.863738049723374923e-01
-1.863738049723371870e-01
-1.757239166454203083e-01
-1.757239166454167556e-01
-1.494601871728516440e-01
-1.494601871728488685e-01
-1.092078757674437711e-01
-1.092078757674431744e-01
-6.651604087797623188e-02
-6.651604087797477471e-02
-4.638496288310102775e-15
-1.053591872960387789e-15
-3.381010677838212246e-16
-2.083720575735691148e-16
-1.193744067705070412e-16
-9.640242362909804961e-17
-8.027293891685653972e-17
-6.555839237134553074e-17
-5.552762342105937057e-17
-4.998985733274208783e-17
-3.836533762661335521e-17
8.365096304994004521e-18
8.825179577775899603e-18
1.013186184359783266e-16
1.071097377898059651e-16
1.126065169838883499e-16
3.004410881816952441e-16
1.749626294518353747e-15
1.799250534965950497e-15
5.506957740479320036e-15
6.651604087797564901e-02
6.651604087797631515e-02
1.092078757674427442e-01
1.092078757674435630e-01
1.494601871728487574e-01
1.494601871728499509e-01
1.757239166454181434e-01
1.757239166454211965e-01
1.863738049723371870e-01
1.863738049723374646e-01
2.191241399421849922e-01
2.191241399421854363e-01
2.469796037174650516e-01
2.469796037174675496e-01
2.586680629402925424e-01
2.586680629402959286e-01
2.693179512672092546e-01
2.693179512672103648e-01
2.856401808201618486e-01
2.856401808201645132e-01
2.955816807397770307e-01
2.955816807397810275e-01
2.989203743456976814e-01
3.251841038182671229e-01
3.251841038182707866e-01
3.358339921451856669e-01
3.358339921451883869e-01
4.054979449145226233e-01
4.054979449145244552e-01
4.450418679126281751e-01
4.450418679126291743e-01
4.661037436596520700e-01
4.661037436596540684e-01
5.115579087905991473e-01
5.115579087906048095e-01
5.162975549846767764e-01
5.162975549846771095e-01
5.549581320873662182e-01
5.549581320873674395e-01
5.549581320873705481e-01
5.549581320873727686e-01
5.812218615599404892e-01
5.812218615599449301e-01
5.945020550854768215e-01
5.945020550854774877e-01
6.524775486319883688e-01
6.524775486319923656e-01
6.641660078548141666e-01
6.641660078548148327e-01
7.306820487327889690e-01
7.306820487327897462e-01
7.354216949268629344e-01
7.354216949268644887e-01
8.019377358048379589e-01
8.019377358048397353e-01
8.019377358048417337e-01
8.019377358048420668e-01
8.505398128271515201e-01
8.505398128271542957e-01
8.801422359056376710e-01
8.801422359056380040e-01
8.900837358252564613e-01
9.111456115722812443e-01
9.111456115722815774e-01
9.217954998991995108e-01
9.217954998992000659e-01
9.776616524502567129e-01
9.776616524502591554e-01
1.021061875747023118e+00
1.021061875747027781e+00
1.071255687072048657e+00
1.071255687072051765e+00
1.097519416544617377e+00
1.097519416544621818e+00
1.149460187172847370e+00
1.149460187172851144e+00
1.175723916645417866e+00
1.175723916645420308e+00
1.180463562839492164e+00
1.180463562839492608e+00
1.207435680719360027e+00
1.207435680719363136e+00
1.246979603717466301e+00
1.246979603717469409e+00
1.316643556486804423e+00
1.316643556486804867e+00
1.356895867892209617e+00
1.356895867892214502e+00
1.396439790890315447e+00
1.396439790890316113e+00
1.445041867912629341e+00
1.445041867912631117e+00
1.461364097465579492e+00
1.466103743659650238e+00
1.466103743659650904e+00
1.503017361459141332e+00
1.503017361459143109e+00
1.532619784537630148e+00
1.532619784537632590e+00
1.615563930832500716e+00
1.615563930832501160e+00
1.652477548631989368e+00
1.652477548631992033e+00
1.692021471630094753e+00
1.692021471630096974e+00
1.730682048732789413e+00
1.730682048732789857e+00
1.761685424399435318e+00
1.761685424399436428e+00
1.801937735804838514e+00
1.801937735804840068e+00
1.828201465277410565e+00
1.828201465277411897e+00
1.911145611572281577e+00
1.911145611572282466e+00
1.951397922977685440e+00
1.951397922977686106e+00
1.977661652450255714e+00
1.977661652450259933e+00
2.000000000000000000e+00
2.060605798745128947e+00
2.060605798745129835e+00
2.097519416544618487e+00
2.097519416544620263e+00
2.127121839623105526e+00
2.127121839623105970e+00
2.196785792392442982e+00
2.196785792392444758e+00
2.246979603717464968e+00
2.246979603717465857e+00
2.246979603717466301e+00
2.246979603717467189e+00
2.356187479484908476e+00
2.356187479484912473e+00
2.383159597364778559e+00
2.383159597364781224e+00
2.422703520362881946e+00
2.422703520362889051e+00
2.466103743659651126e+00
2.466103743659655567e+00
2.493959207434933489e+00
2.532619784537626817e+00
2.532619784537629481e+00
2.641827660305069880e+00
2.641827660305071213e+00
2.652477548631988036e+00
2.652477548631990256e+00
2.708343701183047347e+00
2.708343701183050900e+00
2.713083347377117427e+00
2.713083347377119647e+00
2.801937735804838514e+00
2.801937735804842067e+00
2.899457152349454336e+00
2.899457152349461886e+00
2.911145611572278913e+00
2.911145611572280245e+00
2.932207487319306694e+00
2.977661652450255492e+00
2.977661652450257712e+00
3.048917339522303482e+00
3.048917339522303482e+00
3.118581292291640494e+00
3.118581292291640938e+00
3.158125215289747434e+00
3.158125215289747434e+00
3.224641256167719572e+00
3.224641256167724013e+00
3.268041479464489640e+00
3.268041479464497634e+00
3.304955097263975183e+00
3.377249355231933148e+00
3.377249355231934036e+00
3.443765396109910171e+00
3.443765396109912835e+00
3.454415284436822109e+00
3.454415284436825662e+00
3.563623160204263840e+00
3.563623160204270501e+00
3.603875471609677916e+00
3.630139201082235978e+00
3.630139201082246636e+00
3.713083347377116539e+00
3.713083347377116983e+00
3.779599388255085568e+00
3.779599388255097114e+00
3.822291223144561378e+00
3.888807264022533516e+00
3.888807264022546839e+00
3.955323304900512760e+00
